; convert-background-model  -v 1 -i material/markov_models/Escherichia_coli_K12/models/4nt_genomic_Escherichia_coli_K12-1str-ovlp.freq.gz -o material/markov_models/Escherichia_coli_K12/models/4nt_genomic_Escherichia_coli_K12-1str-ovlp_transitions.tab -from oligo-analysis -to transitions -decimals 4
; Input files
;	input	material/markov_models/Escherichia_coli_K12/models/4nt_genomic_Escherichia_coli_K12-1str-ovlp.freq.gz
; Output files
;	output	material/markov_models/Escherichia_coli_K12/models/4nt_genomic_Escherichia_coli_K12-1str-ovlp_transitions.tab
; Markov order	3
; Background pseudo-frequency	0.01
; Strand	sensitive
#pr\suf	a	c	g	t	Sum	P_prefix
aaa	0.3218	0.2320	0.2097	0.2364	1	0.0234
aac	0.2647	0.2475	0.2951	0.1926	1	0.0178
aag	0.2689	0.3117	0.2155	0.2040	1	0.0137
aat	0.2519	0.2515	0.2597	0.2369	1	0.0179
aca	0.2837	0.1876	0.2852	0.2434	1	0.0127
acc	0.3194	0.1638	0.3366	0.1802	1	0.0161
acg	0.1946	0.3594	0.2470	0.1990	1	0.0158
act	0.1320	0.1962	0.4082	0.2636	1	0.0108
aga	0.3254	0.1887	0.1921	0.2938	1	0.0122
agc	0.2870	0.2187	0.3286	0.1657	1	0.0174
agg	0.2218	0.3305	0.1813	0.2664	1	0.011
agt	0.2133	0.1890	0.2729	0.3248	1	0.0108
ata	0.3452	0.2096	0.1492	0.2959	1	0.0137
atc	0.3184	0.2123	0.2813	0.1880	1	0.0186
atg	0.2708	0.2847	0.2566	0.1879	1	0.0164
att	0.2298	0.2088	0.2521	0.3092	1	0.018
caa	0.3140	0.2853	0.1277	0.2729	1	0.0165
cac	0.1953	0.3506	0.2462	0.2079	1	0.0144
cag	0.2111	0.3566	0.2364	0.1959	1	0.0225
cat	0.1754	0.3420	0.1986	0.2840	1	0.0166
cca	0.1580	0.2155	0.3950	0.2316	1	0.0186
ccc	0.2842	0.1860	0.3397	0.1901	1	0.0104
ccg	0.1832	0.3288	0.2789	0.2091	1	0.0187
cct	0.0831	0.1609	0.4873	0.2686	1	0.0109
cga	0.2689	0.2434	0.1468	0.3409	1	0.0153
cgc	0.2211	0.3034	0.2440	0.2316	1	0.0248
cgg	0.1969	0.3320	0.1875	0.2836	1	0.0187
cgt	0.1963	0.2487	0.2248	0.3301	1	0.0158
cta	0.2823	0.3399	0.0352	0.3425	1	0.00587
ctc	0.2805	0.2236	0.2474	0.2485	1	0.00927
ctg	0.2369	0.2742	0.3272	0.1617	1	0.0221
ctt	0.1554	0.3294	0.1521	0.3631	1	0.0137
gaa	0.3275	0.2143	0.2503	0.2079	1	0.018
gac	0.2393	0.2519	0.3339	0.1748	1	0.0118
gag	0.2757	0.3050	0.1912	0.2281	1	0.00922
gat	0.2343	0.2212	0.3031	0.2414	1	0.0186
gca	0.2813	0.1896	0.3030	0.2261	1	0.0206
gcc	0.3411	0.1701	0.3068	0.1820	1	0.02
gcg	0.2217	0.3055	0.2477	0.2252	1	0.0246
gct	0.1333	0.1666	0.4527	0.2474	1	0.0173
gga	0.3594	0.1477	0.1715	0.3213	1	0.0121
ggc	0.2978	0.1376	0.3731	0.1915	1	0.0198
ggg	0.2368	0.3215	0.1842	0.2575	1	0.0103
ggt	0.2309	0.1822	0.3125	0.2744	1	0.016
gta	0.3411	0.2287	0.1801	0.2500	1	0.0114
gtc	0.3382	0.1534	0.3178	0.1906	1	0.0117
gtg	0.2878	0.2712	0.2761	0.1649	1	0.0143
gtt	0.2118	0.2191	0.2645	0.3046	1	0.0178
taa	0.3228	0.2553	0.1461	0.2758	1	0.0148
tac	0.2033	0.3262	0.2679	0.2026	1	0.0114
tag	0.2124	0.3879	0.1529	0.2468	1	0.00597
tat	0.1445	0.3167	0.2083	0.3305	1	0.0137
tca	0.2303	0.2268	0.2927	0.2502	1	0.0181
tcc	0.3041	0.1965	0.3013	0.1982	1	0.0121
tcg	0.2158	0.3547	0.2246	0.2049	1	0.0155
tct	0.1011	0.2094	0.3820	0.3074	1	0.012
tga	0.3070	0.2228	0.1411	0.3291	1	0.018
tgc	0.2079	0.2892	0.2654	0.2374	1	0.0205
tgg	0.1965	0.3647	0.1583	0.2805	1	0.0183
tgt	0.1824	0.2257	0.2201	0.3718	1	0.0126
tta	0.3075	0.2630	0.1099	0.3196	1	0.0148
ttc	0.3102	0.2374	0.2333	0.2191	1	0.018
ttg	0.2522	0.3537	0.1768	0.2173	1	0.0166
ttt	0.2043	0.2493	0.2230	0.3235	1	0.0236
; Sum  	15.7519	16.2775	16.0181	15.9526	64 \ 64
; P_res	0.2462	0.2542	0.2536	0.2460
; Host name	rsat-tagc
; Job started	2015-10-29.211115
; Job done	2015-10-29.211116
; Seconds	0.27
;	user	0.27
;	system	0.02
;	cuser	0
;	csystem	0
