; convert-background-model  -v 1 -i data/markov_models/Homo_sapiens_GRCh38/4nt_genomic_Homo_sapiens_GRCh38-1str-ovlp.freq.gz -o data/markov_models/Homo_sapiens_GRCh38/4nt_genomic_Homo_sapiens_GRCh38-1str-ovlp_transitions.tab -from oligo-analysis -to transitions -decimals 4
; Input files
;	input	data/markov_models/Homo_sapiens_GRCh38/4nt_genomic_Homo_sapiens_GRCh38-1str-ovlp.freq.gz
; Output files
;	output	data/markov_models/Homo_sapiens_GRCh38/4nt_genomic_Homo_sapiens_GRCh38-1str-ovlp_transitions.tab
; Markov order	3
; Background pseudo-frequency	0.01
; Strand	sensitive
#pr\suf	a	c	g	t	Sum	P_prefix
aaa	0.3986	0.1523	0.1889	0.2602	1	0.038
aac	0.4116	0.2175	0.0467	0.3242	1	0.0148
aag	0.3346	0.1858	0.2307	0.2489	1	0.0198
aat	0.2979	0.1665	0.2365	0.2991	1	0.0246
aca	0.2711	0.1998	0.2656	0.2635	1	0.0201
acc	0.3631	0.2488	0.0458	0.3423	1	0.0115
acg	0.2165	0.2192	0.2692	0.2951	1	0.00271
act	0.2044	0.2211	0.2698	0.3047	1	0.0162
aga	0.3555	0.1699	0.2555	0.2191	1	0.0222
agc	0.3515	0.2836	0.0485	0.3165	1	0.014
agg	0.3137	0.2464	0.2173	0.2225	1	0.0176
agt	0.2327	0.1854	0.2885	0.2935	1	0.0161
ata	0.3221	0.1621	0.1775	0.3384	1	0.0205
atc	0.3432	0.2431	0.0405	0.3732	1	0.0133
atg	0.2811	0.1844	0.2414	0.2931	1	0.0182
att	0.2335	0.1937	0.1697	0.4031	1	0.0249
caa	0.3799	0.1677	0.2299	0.2224	1	0.0188
cac	0.3736	0.2506	0.0654	0.3104	1	0.015
cag	0.2865	0.2273	0.2688	0.2173	1	0.0203
cat	0.2225	0.1951	0.2562	0.3262	1	0.0183
cca	0.2401	0.2194	0.2997	0.2408	1	0.0181
ccc	0.3951	0.2343	0.0746	0.2960	1	0.013
ccg	0.2186	0.2616	0.2883	0.2316	1	0.00286
cct	0.1615	0.2663	0.3079	0.2643	1	0.0176
cga	0.2490	0.1562	0.3607	0.2341	1	0.00236
cgc	0.2378	0.3881	0.1062	0.2679	1	0.00252
cgg	0.2147	0.2505	0.3536	0.1811	1	0.00293
cgt	0.1735	0.2026	0.3654	0.2586	1	0.00273
cta	0.2995	0.2070	0.2144	0.2792	1	0.0128
ctc	0.3288	0.2866	0.0497	0.3349	1	0.0168
ctg	0.2485	0.2199	0.2716	0.2599	1	0.02
ctt	0.1816	0.2362	0.2120	0.3702	1	0.0201
gaa	0.3797	0.1490	0.2347	0.2366	1	0.0201
gac	0.3974	0.2312	0.0585	0.3130	1	0.0095
gag	0.3286	0.1827	0.2803	0.2084	1	0.0169
gat	0.2396	0.1825	0.2716	0.3063	1	0.0135
gca	0.2629	0.1918	0.3066	0.2387	1	0.0145
gcc	0.3360	0.2323	0.0619	0.3698	1	0.0118
gcg	0.2144	0.2483	0.2973	0.2400	1	0.00254
gct	0.1891	0.2146	0.3310	0.2653	1	0.0139
gga	0.3302	0.1429	0.3112	0.2157	1	0.0157
ggc	0.3331	0.2485	0.0808	0.3376	1	0.0118
ggg	0.3344	0.2104	0.2342	0.2211	1	0.013
ggt	0.2057	0.1887	0.3280	0.2777	1	0.0115
gta	0.3107	0.1547	0.2386	0.2960	1	0.0114
gtc	0.3318	0.2332	0.0386	0.3964	1	0.00941
gtg	0.2781	0.1848	0.2705	0.2667	1	0.0152
gtt	0.1957	0.1995	0.2193	0.3854	1	0.0147
taa	0.3950	0.1431	0.1784	0.2836	1	0.0205
tac	0.4170	0.2098	0.0412	0.3320	1	0.0112
tag	0.3279	0.2019	0.2177	0.2524	1	0.0129
tat	0.2848	0.1567	0.1975	0.3609	1	0.0204
tca	0.2622	0.2145	0.2589	0.2644	1	0.0196
tcc	0.3175	0.2826	0.0404	0.3595	1	0.0153
tcg	0.2406	0.2238	0.2620	0.2735	1	0.00242
tct	0.1836	0.2513	0.2553	0.3097	1	0.0222
tga	0.3247	0.1585	0.2781	0.2387	1	0.0196
tgc	0.3508	0.2731	0.0428	0.3333	1	0.0144
tgg	0.2806	0.2146	0.2769	0.2279	1	0.0185
tgt	0.2344	0.1818	0.2845	0.2993	1	0.0203
tta	0.3187	0.1714	0.1887	0.3213	1	0.0204
ttc	0.3202	0.2518	0.0339	0.3941	1	0.02
ttg	0.2749	0.1967	0.2347	0.2937	1	0.0193
ttt	0.2099	0.1954	0.1970	0.3977	1	0.0385
; Sum  	18.5522	13.5713	13.2675	18.6089	64 \ 64
; P_res	0.2947	0.2044	0.2052	0.2957
; Host name	rsat-tagc
; Job started	2015-10-30.025459
; Job done	2015-10-30.025459
; Seconds	0.28
;	user	0.28
;	system	0.02
;	cuser	0
;	csystem	0
