; convert-background-model  -v 1 -i material/markov_models/Mycoplasma_genitalium_G37_uid57707/models/4nt_genomic_Mycoplasma_genitalium_G37_uid57707-1str-ovlp.freq.gz -o material/markov_models/Mycoplasma_genitalium_G37_uid57707/models/4nt_genomic_Mycoplasma_genitalium_G37_uid57707-1str-ovlp_transitions.tab -from oligo-analysis -to transitions -decimals 4
; Input files
;	input	material/markov_models/Mycoplasma_genitalium_G37_uid57707/models/4nt_genomic_Mycoplasma_genitalium_G37_uid57707-1str-ovlp.freq.gz
; Output files
;	output	material/markov_models/Mycoplasma_genitalium_G37_uid57707/models/4nt_genomic_Mycoplasma_genitalium_G37_uid57707-1str-ovlp_transitions.tab
; Markov order	3
; Background pseudo-frequency	0.01
; Strand	sensitive
#pr\suf	a	c	g	t	Sum	P_prefix
aaa	0.4237	0.1877	0.1844	0.2042	1	0.0584
aac	0.3709	0.1995	0.0710	0.3585	1	0.0276
aag	0.3199	0.2279	0.1551	0.2972	1	0.0241
aat	0.2690	0.1648	0.1855	0.3807	1	0.0348
aca	0.4779	0.1304	0.1801	0.2116	1	0.0172
acc	0.4933	0.1636	0.0656	0.2775	1	0.0121
acg	0.2896	0.2321	0.1897	0.2886	1	0.0035
act	0.3235	0.1045	0.2127	0.3593	1	0.0197
aga	0.3992	0.0794	0.1569	0.3645	1	0.0162
agc	0.4351	0.0851	0.1057	0.3741	1	0.0128
agg	0.3369	0.0937	0.2097	0.3597	1	0.00897
agt	0.2308	0.0752	0.2141	0.4799	1	0.0202
ata	0.4525	0.1276	0.1943	0.2255	1	0.0203
atc	0.4638	0.1689	0.0561	0.3112	1	0.0184
atg	0.3671	0.1859	0.2201	0.2268	1	0.0156
att	0.3263	0.1181	0.2166	0.3390	1	0.0349
caa	0.3612	0.2148	0.1690	0.2551	1	0.0284
cac	0.2118	0.2756	0.0742	0.4385	1	0.0089
cag	0.2206	0.2058	0.1807	0.3929	1	0.0109
cat	0.1976	0.2487	0.1351	0.4186	1	0.0148
cca	0.4427	0.1473	0.1533	0.2567	1	0.0128
ccc	0.3881	0.2395	0.0547	0.3177	1	0.00553
ccg	0.1894	0.3013	0.1351	0.3742	1	0.00171
cct	0.2592	0.1127	0.2096	0.4185	1	0.00885
cga	0.2899	0.1003	0.1298	0.4801	1	0.00263
cgc	0.2889	0.1418	0.0788	0.4905	1	0.00257
cgg	0.2136	0.1156	0.2136	0.4572	1	0.00171
cgt	0.1589	0.0934	0.2212	0.5266	1	0.00335
cta	0.4515	0.1425	0.1657	0.2404	1	0.0165
ctc	0.3715	0.2292	0.0479	0.3514	1	0.00619
ctg	0.3394	0.2036	0.1732	0.2838	1	0.0106
ctt	0.2189	0.1491	0.1850	0.4471	1	0.0233
gaa	0.4159	0.1822	0.1863	0.2156	1	0.0195
gac	0.3886	0.2175	0.0582	0.3357	1	0.00443
gag	0.3241	0.1869	0.1517	0.3373	1	0.00691
gat	0.2597	0.2071	0.2069	0.3263	1	0.019
gca	0.4369	0.1357	0.1970	0.2304	1	0.0119
gcc	0.5082	0.1822	0.0474	0.2622	1	0.00309
gcg	0.2719	0.2227	0.1926	0.3129	1	0.00263
gct	0.3150	0.0884	0.1795	0.4172	1	0.0127
gga	0.3441	0.0893	0.1891	0.3775	1	0.00839
ggc	0.4538	0.0963	0.1085	0.3414	1	0.00333
ggg	0.3347	0.1072	0.2357	0.3224	1	0.00581
ggt	0.2497	0.0828	0.2180	0.4495	1	0.0112
gta	0.4400	0.1281	0.1996	0.2323	1	0.0111
gtc	0.4683	0.1842	0.0518	0.2957	1	0.00444
gtg	0.3817	0.1648	0.2178	0.2357	1	0.00969
gtt	0.2787	0.1192	0.2131	0.3889	1	0.026
taa	0.3920	0.1830	0.1293	0.2957	1	0.0387
tac	0.2897	0.2748	0.0523	0.3832	1	0.0116
tag	0.2355	0.2327	0.1364	0.3954	1	0.0162
tat	0.1506	0.2469	0.1545	0.4480	1	0.0207
tca	0.4425	0.1500	0.1650	0.2425	1	0.021
tcc	0.3914	0.2009	0.0489	0.3588	1	0.0082
tcg	0.2358	0.2732	0.1064	0.3846	1	0.00242
tct	0.2483	0.1307	0.1479	0.4731	1	0.0153
tga	0.4144	0.0936	0.1077	0.3843	1	0.0226
tgc	0.3547	0.1098	0.0568	0.4787	1	0.0116
tgg	0.2508	0.1325	0.1784	0.4383	1	0.0122
tgt	0.1876	0.1009	0.1323	0.5791	1	0.0165
tta	0.4357	0.1332	0.1878	0.2433	1	0.0392
ttc	0.4542	0.1591	0.0461	0.3407	1	0.0179
ttg	0.3543	0.1820	0.1791	0.2846	1	0.0271
ttt	0.2798	0.1322	0.1758	0.4122	1	0.0553
; Sum  	21.571	10.3955	9.60227	22.4312	64 \ 64
; P_res	0.3448	0.1587	0.1600	0.3365
; Host name	rsat-tagc
; Job started	2015-10-29.211042
; Job done	2015-10-29.211042
; Seconds	0.27
;	user	0.27
;	system	0.02
;	cuser	0
;	csystem	0
