; convert-background-model  -v 1 -i data/markov_models/Drosophila_melanogaster_BDGP6/models/4nt_genomic_Drosophila_melanogaster_BDGP6-1str-ovlp.freq.gz -o data/markov_models/Drosophila_melanogaster_BDGP6/models/4nt_genomic_Drosophila_melanogaster_BDGP6-1str-ovlp_transitions.tab -from oligo-analysis -to transitions -decimals 4
; Input files
;	input	data/markov_models/Drosophila_melanogaster_BDGP6/models/4nt_genomic_Drosophila_melanogaster_BDGP6-1str-ovlp.freq.gz
; Output files
;	output	data/markov_models/Drosophila_melanogaster_BDGP6/models/4nt_genomic_Drosophila_melanogaster_BDGP6-1str-ovlp_transitions.tab
; Markov order	3
; Background pseudo-frequency	0.01
; Strand	sensitive
#pr\suf	a	c	g	t	Sum	P_prefix
aaa	0.3778	0.1649	0.1647	0.2926	1	0.0387
aac	0.3563	0.1768	0.1791	0.2878	1	0.0171
aag	0.2716	0.2375	0.2017	0.2892	1	0.0174
aat	0.2751	0.1646	0.2194	0.3409	1	0.0281
aca	0.3418	0.2095	0.1882	0.2604	1	0.0184
acc	0.3591	0.2153	0.1986	0.2270	1	0.0104
acg	0.3120	0.2429	0.2270	0.2182	1	0.00941
act	0.1974	0.2079	0.2474	0.3472	1	0.0145
aga	0.3536	0.1707	0.2160	0.2597	1	0.0146
agc	0.3244	0.2111	0.1926	0.2718	1	0.0146
agg	0.3271	0.2470	0.2065	0.2194	1	0.0107
agt	0.2183	0.1847	0.2575	0.3395	1	0.0145
ata	0.3342	0.1646	0.1412	0.3600	1	0.0214
atc	0.2963	0.2223	0.2205	0.2608	1	0.0145
atg	0.2488	0.2410	0.2309	0.2793	1	0.0171
att	0.2323	0.1674	0.1992	0.4011	1	0.0281
caa	0.3698	0.2008	0.1744	0.2550	1	0.022
cac	0.3536	0.2205	0.1574	0.2685	1	0.0139
cag	0.2518	0.3194	0.1869	0.2418	1	0.015
cat	0.2454	0.2149	0.1801	0.3596	1	0.0171
cca	0.3062	0.2297	0.2248	0.2393	1	0.0164
ccc	0.3517	0.2337	0.1913	0.2233	1	0.00994
ccg	0.2835	0.2851	0.2030	0.2284	1	0.0094
cct	0.1654	0.2478	0.2597	0.3271	1	0.0108
cga	0.3283	0.1940	0.2180	0.2597	1	0.0123
cgc	0.3029	0.2754	0.1523	0.2694	1	0.0104
cgg	0.2801	0.2976	0.2009	0.2213	1	0.0094
cgt	0.2225	0.2201	0.2313	0.3261	1	0.00941
cta	0.3294	0.2103	0.1617	0.2986	1	0.0101
ctc	0.2543	0.2604	0.2234	0.2619	1	0.0121
ctg	0.2188	0.3035	0.2468	0.2310	1	0.0149
ctt	0.2009	0.2140	0.2208	0.3643	1	0.0174
gaa	0.3911	0.1664	0.1963	0.2462	1	0.019
gac	0.3241	0.2120	0.2015	0.2624	1	0.0102
gag	0.2647	0.2644	0.2199	0.2510	1	0.012
gat	0.2324	0.1948	0.2528	0.3199	1	0.0145
gca	0.3104	0.1923	0.2615	0.2358	1	0.0174
gcc	0.3826	0.1988	0.2149	0.2037	1	0.013
gcg	0.2969	0.2271	0.2568	0.2192	1	0.0104
gct	0.1737	0.2180	0.3250	0.2833	1	0.0146
gga	0.3336	0.1841	0.2378	0.2445	1	0.0131
ggc	0.3185	0.2247	0.2194	0.2373	1	0.013
ggg	0.2786	0.2600	0.2341	0.2274	1	0.0099
ggt	0.2080	0.2085	0.2927	0.2908	1	0.0104
gta	0.3038	0.2064	0.1842	0.3056	1	0.0115
gtc	0.2848	0.2380	0.2332	0.2440	1	0.0102
gtg	0.2097	0.2419	0.2717	0.2768	1	0.0139
gtt	0.1867	0.1849	0.2576	0.3707	1	0.0171
taa	0.3895	0.1477	0.1616	0.3012	1	0.0217
tac	0.3519	0.1886	0.1816	0.2779	1	0.0115
tag	0.2891	0.2507	0.1757	0.2846	1	0.0101
tat	0.2846	0.1568	0.1967	0.3618	1	0.0214
tca	0.3362	0.1851	0.2077	0.2710	1	0.0157
tcc	0.3218	0.2107	0.1993	0.2681	1	0.0132
tcg	0.2939	0.2517	0.2174	0.2370	1	0.0123
tct	0.1990	0.2190	0.2586	0.3234	1	0.0146
tga	0.3459	0.1865	0.1948	0.2728	1	0.0157
tgc	0.3097	0.2379	0.1812	0.2712	1	0.0174
tgg	0.2583	0.3030	0.2116	0.2272	1	0.0164
tgt	0.2210	0.1804	0.2665	0.3320	1	0.0183
tta	0.3555	0.1620	0.1529	0.3295	1	0.0216
ttc	0.2854	0.2299	0.2128	0.2719	1	0.019
ttg	0.2406	0.2450	0.2295	0.2849	1	0.022
ttt	0.2184	0.1934	0.2106	0.3776	1	0.0386
; Sum  	18.4912	13.9263	13.6414	17.9411	64 \ 64
; P_res	0.2896	0.2105	0.2103	0.2895
; Host name	rsat-tagc
; Job started	2015-10-29.214501
; Job done	2015-10-29.214501
; Seconds	0.28
;	user	0.28
;	system	0.02
;	cuser	0
;	csystem	0
