; convert-background-model  -v 1 -i data/markov_models/Arabidopsis_thaliana_TAIR10/models/4nt_genomic_Arabidopsis_thaliana_TAIR10-1str-ovlp.freq.gz -o data/markov_models/Arabidopsis_thaliana_TAIR10/models/4nt_genomic_Arabidopsis_thaliana_TAIR10-1str-ovlp_transitions.tab -from oligo-analysis -to transitions -decimals 4
; Input files
;	input	data/markov_models/Arabidopsis_thaliana_TAIR10/models/4nt_genomic_Arabidopsis_thaliana_TAIR10-1str-ovlp.freq.gz
; Output files
;	output	data/markov_models/Arabidopsis_thaliana_TAIR10/models/4nt_genomic_Arabidopsis_thaliana_TAIR10-1str-ovlp_transitions.tab
; Markov order	3
; Background pseudo-frequency	0.01
; Strand	sensitive
#pr\suf	a	c	g	t	Sum	P_prefix
aaa	0.3842	0.1827	0.1745	0.2586	1	0.0438
aac	0.3837	0.2111	0.1189	0.2863	1	0.0198
aag	0.4032	0.1823	0.1650	0.2494	1	0.022
aat	0.2787	0.2064	0.1970	0.3180	1	0.0296
aca	0.3899	0.1705	0.1509	0.2887	1	0.0194
acc	0.4054	0.1691	0.1497	0.2758	1	0.0108
acg	0.3654	0.1522	0.1979	0.2845	1	0.00682
act	0.2579	0.2179	0.1685	0.3557	1	0.0154
aga	0.3728	0.1382	0.2250	0.2639	1	0.0231
agc	0.3371	0.1816	0.1031	0.3782	1	0.0107
agg	0.3799	0.1636	0.1687	0.2879	1	0.0102
agt	0.2575	0.1756	0.1998	0.3671	1	0.0154
ata	0.3272	0.1513	0.1508	0.3707	1	0.0255
atc	0.3613	0.1813	0.1263	0.3312	1	0.0184
atg	0.3370	0.1575	0.2047	0.3008	1	0.0186
att	0.2487	0.1787	0.1910	0.3816	1	0.0296
caa	0.3894	0.1788	0.1933	0.2386	1	0.0236
cac	0.3665	0.2202	0.1278	0.2855	1	0.0108
cag	0.3731	0.2078	0.1689	0.2502	1	0.0104
cat	0.2579	0.2270	0.2031	0.3121	1	0.0187
cca	0.3750	0.1887	0.1440	0.2923	1	0.0131
ccc	0.3877	0.1629	0.1390	0.3104	1	0.00576
ccg	0.3130	0.1832	0.2358	0.2680	1	0.00504
cct	0.2201	0.2558	0.1706	0.3534	1	0.0103
cga	0.3165	0.1801	0.2233	0.2800	1	0.00824
cgc	0.3105	0.2520	0.1371	0.3005	1	0.00375
cgg	0.3309	0.1907	0.1577	0.3208	1	0.00503
cgt	0.2287	0.2246	0.2025	0.3442	1	0.00682
cta	0.3498	0.1829	0.1781	0.2893	1	0.0132
ctc	0.2830	0.2111	0.1322	0.3737	1	0.0139
ctg	0.3288	0.2082	0.1817	0.2813	1	0.0104
ctt	0.1956	0.2518	0.2069	0.3456	1	0.022
gaa	0.3670	0.1511	0.2468	0.2351	1	0.0225
gac	0.3491	0.1954	0.1643	0.2913	1	0.00932
gag	0.4100	0.1589	0.1898	0.2413	1	0.0139
gat	0.2387	0.1986	0.2303	0.3324	1	0.0184
gca	0.3644	0.1378	0.2115	0.2863	1	0.0103
gcc	0.3786	0.1532	0.1694	0.2988	1	0.00563
gcg	0.3412	0.1335	0.2453	0.2800	1	0.00374
gct	0.2183	0.2068	0.2016	0.3733	1	0.0107
gga	0.3471	0.1359	0.2438	0.2732	1	0.0121
ggc	0.3005	0.1856	0.1669	0.3470	1	0.00563
ggg	0.3728	0.1514	0.1636	0.3121	1	0.00569
ggt	0.2239	0.1702	0.2223	0.3835	1	0.0107
gta	0.3427	0.1592	0.1919	0.3062	1	0.0126
gtc	0.3233	0.1763	0.1590	0.3414	1	0.00931
gtg	0.3316	0.1313	0.2311	0.3060	1	0.0108
gtt	0.2119	0.1726	0.2151	0.4004	1	0.0197
taa	0.3741	0.1657	0.1693	0.2909	1	0.0253
tac	0.3705	0.1903	0.1231	0.3160	1	0.0126
tag	0.3510	0.1782	0.1682	0.3026	1	0.0131
tat	0.3146	0.1725	0.1890	0.3240	1	0.0254
tca	0.3548	0.1738	0.1663	0.3051	1	0.0206
tcc	0.3682	0.1742	0.1361	0.3215	1	0.0121
tcg	0.3553	0.1523	0.1895	0.3028	1	0.00825
tct	0.2007	0.2464	0.1683	0.3845	1	0.023
tga	0.3410	0.1457	0.1910	0.3223	1	0.0206
tgc	0.3736	0.1635	0.1116	0.3513	1	0.0102
tgg	0.3396	0.1608	0.1681	0.3314	1	0.0131
tgt	0.2392	0.1672	0.2035	0.3902	1	0.0194
tta	0.3200	0.1705	0.1803	0.3292	1	0.0252
ttc	0.3135	0.1874	0.1165	0.3827	1	0.0224
ttg	0.3121	0.1575	0.2094	0.3210	1	0.0236
ttt	0.2157	0.1890	0.2106	0.3848	1	0.0436
; Sum  	20.7814	11.5586	11.4474	20.2127	64 \ 64
; P_res	0.3192	0.1811	0.1809	0.3188
; Host name	rsat-tagc
; Job started	2015-10-29.212456
; Job done	2015-10-29.212456
; Seconds	0.28
;	user	0.28
;	system	0.02
;	cuser	0
;	csystem	0
