; convert-background-model  -v 1 -i material/markov_models/Saccharomyces_cerevisiae/models/4nt_genomic_Saccharomyces_cerevisiae-1str-ovlp.freq.gz -o material/markov_models/Saccharomyces_cerevisiae/models/4nt_genomic_Saccharomyces_cerevisiae-1str-ovlp_transitions.tab -from oligo-analysis -to transitions -decimals 4
; Input files
;	input	material/markov_models/Saccharomyces_cerevisiae/models/4nt_genomic_Saccharomyces_cerevisiae-1str-ovlp.freq.gz
; Output files
;	output	material/markov_models/Saccharomyces_cerevisiae/models/4nt_genomic_Saccharomyces_cerevisiae-1str-ovlp_transitions.tab
; Markov order	3
; Background pseudo-frequency	0.01
; Strand	sensitive
#pr\suf	a	c	g	t	Sum	P_prefix
aaa	0.3743	0.1572	0.2001	0.2684	1	0.0391
aac	0.3494	0.1945	0.1718	0.2843	1	0.018
aag	0.3752	0.1765	0.2044	0.2439	1	0.0216
aat	0.2975	0.1768	0.2141	0.3115	1	0.0294
aca	0.3651	0.1606	0.2039	0.2705	1	0.0172
acc	0.3956	0.1744	0.1626	0.2674	1	0.0116
acg	0.3395	0.1812	0.2023	0.2771	1	0.00879
act	0.2487	0.1769	0.2248	0.3496	1	0.0151
aga	0.3995	0.1456	0.1923	0.2625	1	0.0202
agc	0.3626	0.1937	0.1583	0.2854	1	0.0115
agg	0.3561	0.1917	0.1785	0.2736	1	0.0115
agt	0.2891	0.1668	0.2068	0.3373	1	0.0151
ata	0.3123	0.1742	0.1611	0.3524	1	0.0248
atc	0.3448	0.1969	0.1578	0.3005	1	0.0176
atg	0.3381	0.1800	0.2296	0.2523	1	0.0182
att	0.2347	0.1965	0.2129	0.3559	1	0.0293
caa	0.3452	0.1850	0.1973	0.2725	1	0.0231
cac	0.2979	0.2679	0.1432	0.2909	1	0.0107
cag	0.3199	0.2256	0.1841	0.2704	1	0.0126
cat	0.2364	0.2462	0.1725	0.3449	1	0.0183
cca	0.3512	0.1812	0.1842	0.2833	1	0.0149
ccc	0.3769	0.1822	0.1414	0.2995	1	0.00691
ccg	0.2742	0.2209	0.1985	0.3064	1	0.00594
cct	0.1847	0.2300	0.2049	0.3804	1	0.0114
cga	0.3514	0.1764	0.1705	0.3018	1	0.00916
cgc	0.3024	0.2443	0.1309	0.3225	1	0.00573
cgg	0.2990	0.2193	0.1598	0.3219	1	0.00589
cgt	0.2490	0.2222	0.1726	0.3562	1	0.00878
cta	0.3004	0.2166	0.1735	0.3094	1	0.0128
ctc	0.2955	0.2208	0.1384	0.3453	1	0.0112
ctg	0.2804	0.2228	0.2202	0.2766	1	0.0125
ctt	0.1704	0.2575	0.2103	0.3617	1	0.0215
gaa	0.3627	0.1570	0.2364	0.2440	1	0.0237
gac	0.3468	0.1971	0.2001	0.2561	1	0.00977
gag	0.3376	0.1899	0.2326	0.2399	1	0.0112
gat	0.2823	0.1694	0.2549	0.2935	1	0.0175
gca	0.3481	0.1622	0.2262	0.2635	1	0.0124
gcc	0.3799	0.1773	0.1629	0.2798	1	0.00793
gcg	0.2901	0.2023	0.2307	0.2769	1	0.00568
gct	0.2346	0.1843	0.2487	0.3323	1	0.0115
gga	0.3878	0.1485	0.1938	0.2699	1	0.0127
ggc	0.3402	0.2042	0.1740	0.2816	1	0.0079
ggg	0.3208	0.2050	0.1810	0.2932	1	0.00678
ggt	0.2905	0.1645	0.2458	0.2992	1	0.0115
gta	0.3081	0.1892	0.1974	0.3052	1	0.0142
gtc	0.3428	0.1924	0.1651	0.2997	1	0.00971
gtg	0.2994	0.1882	0.2550	0.2574	1	0.0107
gtt	0.2181	0.2056	0.2353	0.3410	1	0.0179
taa	0.3535	0.1757	0.1637	0.3071	1	0.0223
tac	0.3033	0.2356	0.1549	0.3062	1	0.0142
tag	0.3328	0.2099	0.1646	0.2928	1	0.0129
tat	0.2744	0.2000	0.1748	0.3509	1	0.0247
tca	0.3588	0.1606	0.1750	0.3056	1	0.0201
tcc	0.3726	0.1726	0.1380	0.3168	1	0.0127
tcg	0.3191	0.1816	0.1752	0.3241	1	0.00914
tct	0.2133	0.1898	0.1973	0.3996	1	0.0201
tga	0.3706	0.1656	0.1653	0.2986	1	0.0201
tgc	0.3120	0.2164	0.1381	0.3335	1	0.0124
tgg	0.3192	0.2036	0.1717	0.3055	1	0.0148
tgt	0.2522	0.1954	0.1860	0.3665	1	0.0171
tta	0.2835	0.1980	0.1747	0.3438	1	0.0223
ttc	0.3148	0.2084	0.1366	0.3402	1	0.0235
ttg	0.3145	0.1888	0.2245	0.2723	1	0.0229
ttt	0.2021	0.2198	0.2045	0.3737	1	0.0389
; Sum  	20.0037	12.4212	12.0684	19.5067	64 \ 64
; P_res	0.3092	0.1915	0.1912	0.3081
; Host name	rsat-tagc
; Job started	2015-10-29.211245
; Job done	2015-10-29.211245
; Seconds	0.27
;	user	0.27
;	system	0.02
;	cuser	0
;	csystem	0
